  header: 
    seq: 0
    stamp: 
      secs: 0
      nsecs: 0
    frame_id: long_camera
  height: 1080
  width: 1920
  distortion_model: plumb_bob
  D: [-0.013491, 23.383350, 0.016199, 0.002830, 0.000000]
  K: [8658.794200, 0.000000, 1007.208701, 0.000000, 8691.604273, 608.927140, 0.000000, 0.000000, 1.000000]
  R: [1.000000, 0.000000, 0.000000, 0.000000, 1.000000, 0.000000, 0.000000, 0.000000, 1.000000]
  P: [8717.640625, 0.000000, 1007.386477, 0.000000, 0.000000, 8738.674805, 611.955952, 0.000000, 0.000000, 0.000000, 1.000000, 0.000000]
  binning_x: 0
  binning_y: 0
  roi: 
    x_offset: 0
    y_offset: 0
    height: 0
    width: 0
    do_rectify: False
