  header: 
    seq: 0
    stamp: 
      secs: 0
      nsecs: 0
    frame_id: short_camera
  height: 1080
  width: 1920
  distortion_model: plumb_bob
  D: [-0.584019, 0.312410, -0.007625, -0.001538, 0.000000]
  K: [2023.954570, 0.000000, 963.152878, 0.000000, 2024.891802, 522.429874, 0.000000, 0.000000, 1.000000]
  R: [1.000000, 0.000000, 0.000000, 0.000000, 1.000000, 0.000000, 0.000000, 0.000000, 1.000000]
  P: [1715.663452, 0.000000, 960.349197, 0.000000, 0.000000, 1935.097290, 516.810692, 0.000000, 0.000000, 0.000000, 1.000000, 0.000000]
  binning_x: 0
  binning_y: 0
  roi: 
    x_offset: 0
    y_offset: 0
    height: 0
    width: 0
    do_rectify: False
